31941
32082
32028
30412
28533
31875
31766
29473
30215
30892
30838
27769
29396
28195
29374
30728
30412
30379
31536
32432
28883
30914
32683
27660
28282
28839
31951
30444
29822
29604
29920
28020
30652
30073
30532
31973
30390
31220
32552
29232
31809
30423
28883
31012
30128
30106
30106
30106
30794
34976
29396
29407
31012
30423
32683
29058
29276
29396
32923
31089
30270
33426
31526
28883
32825
30838
28643
27725
31012
32050
30128
30903
30171
31984
34135
29047
31602
30423
31984
32901
30139
31635
30532
31558
30313
31908
30892
30095
34103
30270
28675
29156
29789
29014
31558
31558
30696
31799
32901
30739
30838
29374
30161
29374
33207
30139
29647
31700
30488
30597
30554
28053
30870
31001
29604
28850
29363
30477
30488
31471
30161
32257
30685
28785
30827
32093
28260
29778
28315
31263
29473
31973
30270
28348
31951
30215
31613
31296
30532
31460
32061
29101
27867
31285
30139
29440
31045
29615
30488
30652
30412
32432
31285
33033
32345
31886
28719
29986
32224
32148
31427
30128
30040
29778
29516
32760
29647
30303
30914
29658
30182
34146
29757
34081
30521
30270
30161
31416
33000
28009
29134
30761
27835
30838
30215
30095
29571
31089
27638
32093
31122
28872
33928
27594
29866
28610
32148
31875
29931
31613
29746
28228
30215
30357
32901
30204
32443
32115
29484
32061
31012
32760
30969
30565
32508
31263
28948
28981
30903
30707
32607
30106
32203
30303
31089
28839
31253
30030
31471
32967
30903
31820
30870
32901
30619
29189
31122
31602
31362
27736
30171
30303
32235
31777
32192
33961
28315
32781
30313
28282
33458
31318
30586
32727
29582
29200
